A=[0 0];
B=[0 0.4];
D=[0.2 0.4];
E=[0 0.7];
F=[0 0.8];
G=[0.3 1];
H=[0.6 0.6];
I=[0.9 0.6];
J=[1.1 0.7];
K=[1.2 0.9];
L=[1.7 0.2];
M=[2 0.4];
N=[1.9 0.7];

c1=[0.15 0.7];
c2=[0.7 0.85];
c3=[0.15 0.3];
c4=[0.05 0.1];
c5=[0.45 0.55];
c6=[0.15 0.45];
c7=[0.85 0.55];
c8=[0.95 0.7];
c9=[1.55 0.8];
c10=[1.85 0.45];