l1 = sqrt(17)/5;
a1 = 0.016;
omega1 = 10;
phi1 = 0;
l2 = sqrt(26)/5;
a2 = 0.01;
omega2 = 50;
phi2 = 0;